Tiempo en ejecución secuencial atcgrid[1-3] (10000-100000):
0.134028103
0.534848060
Tiempo en ejecución secuencial atcgrid4 (10000-100000):
0.062053190
0.206405535
Tiempo en ejecución paralela atcgrid[1-3] (10000):
0.133924529
0.133988671
0.133961637
0.133961912
0.133980207
0.133986421
0.133983810
0.133966375
0.133999668
0.133957382
0.133983351
0.133964848
0.133986495
0.133892611
0.134068191
0.133943278
0.133966163
0.133956105
0.134013835
0.133972414
0.133933008
0.133991793
0.133938324
0.133960415
0.134031102
0.133935880
0.133993041
0.133985061
0.133960888
0.133971423
0.133954424
0.133950084
Tiempo en ejecución paralela atcgrid4 (10000):
0.053725885
0.051654949
0.051648590
0.051813784
0.051655816
0.079717967
0.051690726
0.051698396
0.051674965
0.051694754
0.056580195
0.051686382
0.051680434
0.051683542
0.051737901
0.051696270
0.051967874
0.051737681
0.051658705
0.051703796
0.051683309
0.051790894
0.051700549
0.051688379
0.051666833
0.051780375
0.051697302
0.051850892
0.051661350
0.051650876
0.077443234
0.051739909
Tiempo en ejecución paralela atcgrid[1-3] (10000):
0.534800384
0.534813680
0.534829278
0.534830932
0.534816675
0.534902565
0.534974899
0.534888126
0.534864545
0.534811374
0.534847394
0.534888320
0.534798291
0.534895431
0.534827039
0.534861248
0.534867804
0.534896929
0.534872711
0.534835290
0.534847368
0.534793891
0.534849722
0.534858510
0.534869384
0.534860250
0.534785092
0.534939617
0.534898989
0.534890566
0.534913722
0.534986891
Tiempo en ejecución paralela atcgrid[1-3] (10000):
0.214497506
0.214013012
0.213334145
0.213930325
0.214364617
0.213335878
0.213106765
0.214570874
0.213408289
0.214217531
0.212202891
0.212790748
0.214012898
0.212258061
0.213998207
0.214722642
0.213026675
0.213153170
0.213856897
0.214794911
0.214216534
0.213898737
0.212231540
0.214188098
0.214668732
0.214556381
0.213072358
0.214218135
0.214453670
0.214873274
0.214161813
0.212284388
